# lon lat depth str dip slip st dip slip mant exp plon plat
255.896 18.770 23.5 292 21 79 125 70 94 7.4 0 0 0 7.4
261.769 16.493 15.5 285 17 69 127 74 96 7.32 0 0 0 7.3
259.028 17.397 21.5 302 20 99 113 70 87 7.22 0 0 0 7.2
262.021 16.386 25.5 297 12 91 116 78 90 7.20 0 0 0 7.2
263.992 15.886 21.5 271 17 70 112 74 96 7.37 0 0 0 7.3
260.247 16.947 15.5 275 21 76 110 70 95 6.96 0 0 0 7.0
257.044 18.455 23.5 287 18 86 112 72 91 7.55 0 0 0 7.5
#coyutla
#Santiago
#coyuquilla
#pinotepa
#santa-maria
#acapulco
#aguililla
